6125:6141
25974:26006

27381
18062
18206
18220
18344
18468

18568
18618
18691
18769
18780
18852
18953
19029
19113
19192
19258
19384

22093
25943
26725

26900
26903
26906
27398
27406
27414

25943                                      
25946                                      
25951                                      
25956                                      
25960                                      
25965                                      
25970                                      

# room data
26900:27380
